10000.498
10000.767
10000.761
10000.533
10000.697
10000.150
10000.521
10000.678
10000.972
10000.223
10000.012
10000.876
10000.163
10000.372
10000.685
10000.507
10000.247
10000.084
10000.213
10000.229
10000.311
10000.393
10000.693
10000.405
10000.427
10000.197
10000.389
10000.549
10000.473
10000.774
10000.977
10000.988
10000.068
10000.820
10000.525
10000.041
10000.831
10000.394
10000.838
10000.215
10000.922
10000.593
10000.906
10000.946
10000.529
10000.111
10000.043
10000.141
10000.322
10000.504
